Problem  %Solved  Lost Partial
=======   =====   ====   ====
2009 A1   99.50   0.04   0.00
2008 A1   98.41   0.07   1.00
1996 B1   98.06   0.52   1.75
2007 B1   98.06   0.08   1.50
1995 A1   97.55   0.52   0.40
2012 A1   97.35   0.30   0.80
2012 B1   96.83   0.05   1.33
2010 A1   96.28   0.00   0.00
2016 A1   95.72   0.32   0.75
2013 A1   95.52   0.07   1.11
2012 A2   95.24   0.21   0.00
2009 B1   95.00   0.33   0.80
2001 A1   95.00   0.01   0.00
2015 A1   94.97   0.16   0.60
2005 B1   94.90   0.28   1.40
2002 A2   92.86   0.69   0.47
2014 A2   92.11   0.14   0.40
2010 B1   92.02   0.20   0.53
1998 A1   91.96   0.17   0.00
2014 A1   91.05   0.32   1.65
2014 B1   91.05   0.28   1.41
2010 A2   90.96   0.55   0.82
2013 B1   90.55   0.10   0.68
1997 B1   90.24   0.12   0.50
2003 A1   90.05   0.34   1.05
2013 A2   90.05   0.20   0.25
2010 B2   89.89   0.40   1.16
2016 B3   88.24   0.91   0.32
2016 A2   87.70   1.00   1.43
1995 A3   87.25   0.69   1.12
2001 A2   87.00   0.09   0.12
2008 B1   86.77   0.55   0.00
1998 B1   86.43   0.52   0.33
2002 B1   86.19   0.12   0.21
2004 A1   85.71   0.33   0.50
1999 A1   85.37   0.49   0.80
2008 A2   84.66   0.21   0.00
2006 B2   84.34   0.36   0.19
2004 A3   84.18   0.13   0.42
2001 B1   84.00   0.23   0.28
2005 B2   83.16   0.12   0.58
1998 A2   82.41   0.53   0.74
2002 B2   82.38   0.49   1.00
2006 A2   82.32   0.60   0.34
2011 B2   82.23   0.22   0.77
2004 B1   82.14   0.04   0.20
2016 B2   80.75   0.64   1.50
2010 B3   80.85   0.00   0.00
2016 B1   80.21   0.41   1.14
2005 A1   79.08   0.19   0.59
2002 A1   78.57   0.55   0.76
1999 B1   78.05   0.32   0.27
1996 A1   77.67   0.75   0.46
2000 A2   77.44   0.01   0.05
1995 B1   76.96   0.25   0.38
2003 B3   75.62   0.49   0.51
2000 B1   73.85   0.15   0.59
2008 A3   73.54   0.86   1.34
2004 B4   73.47   0.43   0.48
2007 A2   73.30   0.38   0.71
1997 A1   72.68   0.13   0.07
2005 A2   72.45   0.49   0.98
2006 A1   72.22   0.17   0.25
2003 B4   71.14   0.24   0.21
2004 B2   69.39   0.88   0.73
2009 B3   68.00   0.29   0.25
2003 B2   67.66   0.15   1.02
2001 A3   67.50   0.32   1.08
2013 B3   66.67   0.16   0.39
2001 B3   65.50   0.12   0.59
2006 A4   65.15   0.13   0.17
2009 A2   65.00   0.54   0.29
2010 A4   63.83   0.26   0.09
2011 B1   63.45   0.26   0.38
2005 B4   63.27   0.31   0.53
2000 B2   63.08   0.09   0.14
2014 B3   62.63   0.37   0.24
1997 A2   62.44   1.02   0.56
1998 A5   62.31   0.44   0.16
2008 A4   61.38   0.47   0.16
2015 A3   61.31   0.20   0.42
2007 A3   61.17   0.00   1.30
2015 A2   60.30   0.12   0.33
2006 B1   60.10   1.02   0.13
1997 A4   59.51   0.19   0.17
2011 A2   59.39   0.33   1.12
1998 A4   59.30   1.11   1.30
1998 A3   59.30   0.32   0.12
2016 B4   58.82   0.58   0.19
2006 B5   58.59   0.25   0.16
2012 B2   58.20   0.35   0.72
2014 A3   57.89   0.18   0.60
2011 A1   56.85   0.29   0.65
1999 A3   56.10   0.12   0.22
2008 B2   56.08   0.27   1.13
2008 B4   55.56   0.30   0.44
2000 A3   53.33   0.58   0.60
2002 A4   52.38   0.62   0.57
2002 B4   51.43   0.32   0.14
1999 A2   51.22   0.69   0.08
1998 B2   50.75   0.28   0.17
2014 B2   50.53   0.05   0.63
1996 B2   50.49   0.24   0.36
2009 A4   49.50   0.74   0.23
2012 A3   49.21   0.61   0.45
2002 A3   49.05   0.47   0.20
2007 B2   48.54   0.29   0.71
2015 B1   47.74   0.43   1.10
1995 B5   47.06   0.39   0.22
2006 A3   46.97   0.46   0.11
2009 A3   46.50   0.19   0.13
2001 B4   46.00   0.84   0.06
2004 B3   45.92   0.13   0.47
1995 B4   45.59   1.66   0.73
2003 A2   43.78   0.47   0.27
2004 A2   43.37   0.38   0.14
1998 B5   43.22   0.70   0.14
2013 A3   42.29   0.39   0.07
2007 B3   42.23   0.37   0.25
1996 A3   42.23   0.34   0.00
2010 A3   42.02   0.70   0.09
2013 B2   41.79   0.06   0.39
2015 B4   41.71   0.19   0.23
2011 B3   41.12   0.23   0.54
1995 B2   40.20   1.29   0.16
1995 B3   39.22   0.46   0.65
2002 A5   39.05   1.10   0.40
2015 A4   38.69   0.38   0.41
2000 A1   38.46   0.25   0.68
2014 A4   37.89   0.14   0.03
2015 B2   37.69   0.21   0.11
1998 B4   36.68   0.73   0.56
2016 A3   36.36   1.47   0.51
1999 B2   36.10   0.61   0.14
2009 B4   36.00   0.26   0.07
2003 B1   35.82   0.19   0.26
2016 A4   34.76   0.37   0.24
2005 B3   33.16   0.77   0.09
2013 A4   32.84   0.27   0.09
2009 B2   32.50   0.05   1.03
2007 A1   31.55   1.02   1.45
1999 A4   30.73   0.52   0.06
2000 B5   30.26   0.75   0.20
1995 A4   29.90   0.57   0.27
2007 B4   28.64   0.31   0.06
2008 A5   28.57   0.65   0.13
2003 B5   27.86   0.79   0.21
2008 B5   26.46   0.82   0.13
2012 B3   25.93   0.16   0.21
1998 B3   25.63   0.20   0.11
2010 B4   25.53   0.29   0.06
2011 A4   25.38   0.36   0.78
2006 B3   25.25   1.16   0.90
1999 A6   24.88   0.57   0.05
1996 B4   24.76   0.35   0.25
1995 A2   24.51   0.76   0.20
1999 B3   23.41   0.12   0.25
2007 B5   23.30   0.31   0.06
2000 A5   23.08   0.42   0.03
1997 A5   22.93   0.85   0.37
1996 B3   22.82   0.74   0.40
2001 A4   22.00   0.52   0.19
2007 A4   21.84   1.04   0.14
1996 B5   21.84   0.40   0.05
1996 A2   21.36   1.48   0.94
2010 A5   20.74   0.44   0.87
1998 B6   20.60   0.59   0.08
2001 B2   20.50   0.12   0.07
2016 B6   20.32   0.66   0.07
2016 B5   20.32   0.58   0.11
2010 B5   19.68   1.16   0.05
2015 B3   19.60   0.33   0.26
2004 A4   18.88   0.59   0.27
2010 B6   18.62   0.51   0.06
1997 A3   18.05   0.97   0.25
2016 A5   17.65   0.18   0.18
1997 B4   17.56   0.56   0.08
2006 B4   16.67   0.45   0.21
2009 A5   16.00   0.22   0.11
2002 B5   15.71   0.30   0.02
2001 A5   15.50   0.94   0.35
2008 B3   15.34   0.45   0.23
2012 B4   14.81   0.11   0.04
2002 B3   14.76   0.03   0.35
1997 B2   14.63   0.10   0.03
2015 B5   14.07   0.57   0.13
2003 A6   13.93   0.50   0.10
2003 A5   13.93   0.07   0.08
2005 A4   13.78   0.52   0.04
2003 A4   11.94   0.58   0.90
2006 A5   11.11   0.41   0.09
2014 B4   11.05   0.48   0.08
2005 A3   10.71   0.57   0.09
2000 B4   10.26   0.35   0.07
2005 A5   10.20   0.50   0.03
2004 B5   10.20   0.25   0.10
2015 A5   10.05   0.65   0.27
2005 B6    9.69   0.11   0.03
2008 A6    9.52   0.50   0.16
1996 A6    9.22   1.37   0.26
2010 A6    9.04   0.53   0.05
2003 A3    8.96   0.83   0.04
2011 B5    8.63   0.41   0.03
1996 A4    8.25   1.24   0.17
2004 A5    8.16   0.25   0.00
2002 B6    8.10   0.82   0.05
1998 A6    8.04   0.44   0.08
2001 B6    8.00   0.56   0.02
2008 B6    7.94   0.20   0.07
2012 B6    7.94   0.00   0.09
1997 B5    7.80   0.62   0.31
2011 A3    7.61   0.40   0.33
2013 B5    7.46   0.27   0.05
2000 A4    7.18   0.43   0.08
2004 A6    7.14   0.79   0.01
2009 B5    7.00   0.71   0.04
1997 B6    6.83   1.00   0.03
2007 A5    6.80   0.64   0.10
2013 A5    6.47   0.77   0.01
1999 B6    6.34   1.15   0.03
2000 B3    6.15   1.00   0.50
2013 B4    5.97   0.08   0.01
1997 B3    5.85   1.50   0.33
2003 B6    4.98   0.00   0.06
1999 A5    4.88   0.90   0.08
1996 B6    4.85   1.90   0.02
1996 A5    4.85   0.80   0.07
2002 A6    4.76   1.00   0.07
2012 A5    4.76   0.22   0.04
2000 B6    4.62   0.11   0.00
2006 B6    4.04   0.25   0.10
2015 A6    4.02   0.62   0.02
2009 A6    4.00   0.50   0.00
2014 A6    3.68   0.86   0.01
2005 A6    3.57   0.57   0.03
2012 A6    3.17   0.50   0.00
2011 B4    3.05   0.83   0.26
2012 A4    2.65   0.00   0.01
2000 A6    2.56   1.20   0.13
2005 B5    2.55   0.40   0.00
2004 B6    2.55   0.20   0.02
2009 B6    2.50   1.20   0.01
1995 A5    2.45   1.60   0.34
1995 B6    2.45   0.40   0.04
2007 B6    1.94   0.50   0.02
2012 B5    1.59   0.67   0.01
2014 B5    1.58   0.00   0.13
2011 A6    1.52   1.00   0.07
2015 B6    1.51   2.00   0.01
2013 A6    1.49   0.67   0.02
2007 A6    1.46   0.00   0.02
2016 A6    1.07   0.00   0.02
2014 B6    1.05   0.50   0.03
2001 B5    1.00   0.00   0.05
1995 A6    0.98   1.00   0.00
1997 A6    0.98   1.50   0.12
2011 A5    0.51   0.00   0.00
2006 A6    0.51   0.00   0.01
2001 A6    0.50   0.00   0.01
2013 B6    0.00   0.00   0.03
2014 A5    0.00   0.00   0.03
1999 B5    0.00   0.00   0.01
1999 B4    0.00   0.00   0.01
2011 B6    0.00   0.00   0.00